4333155
3830884
7747009
5750816
4294699
7657542
3489757
9085704
9592417
9334605
2016689
6428599
4665537
6099597
5362869
4777395
8758992
6096801
4654375
3090579
1729589
2313112
2311769
3947841
3917360
6809038
8045977
7718906
7588072
8814117
6159128
3767550
2905051
6349321
4268185
7069350
7830898
3913184
3072417
6438560
3748166
5801001
7575885
9866037
3158988
5622643
5497705
4654181
3574006
9061690
7557689
5396601
2242535
4276681
7355488
8672124
5373896
6981271
5104612
7355870
6316234
8900007
9240319
6196824
2670079
9416555
8076455
8010999
5666396
8273138
9101692
1483240
7673558
4073889
5464484
1210789
3073564
8985426
3346233
7258954
6794770
8916198
9105534
8109191
3302909
5106512
8521713
4220116
9623304
8097034
9794562
8472026
6393431
8882223
1765752
4983689
3996508
6724901
6362561
7102017
8032811
8881559
3433175
5249088
9195541
4229761
6463451
7141131
4763324
1573019
1156838
8258830
6316901
6303451
5591739
6785418
8377993
3145282
9600886
4536928
2302627
7820164
2532198
6310680
7532849
4241958
5306244
1609920
2701641
5028290
4885450
5202732
2966673
9804548
4320833
5949534
3127483
5801902
4138500
3216243
1526378
7363871
1867763
7562002
3531983
4284641
1538663
8310147
4203184
7018604
1893651
3210666
9053557
6650301
3985507
7688953
3666156
7164919
8914666
1970259
3207787
6260033
6771233
3584790
7410905
5795432
7047261
8429092
8654407
9488655
5253028
9440913
4824195
7710728
4347566
5733582
5437957
3550936
7534586
9399011
2461588
3620238
1934047
7830915
6023061
5676082
1239569
3747712
4126002
2719264
8118380
1924080
9461136
4490200
2102090
6606832
8216389
1267208
9017948
1716502
4878545
5022262
4453263
5235568
3551299
8112933
1188154
7633795
1147507
8198108
8818759
9490406
5835205
2253270
9470962
6234980
5888624
9036224
6216134
1923088
7615529
1470727
7114697
9513409
4707777
9654227
9060763
2696747
8140627
1170840
2070923
3110499
2100344
1983715
9104650
4223638
4238084
8154653
8820668
6226864
4575684
3739382
6853833
7554148
1263170
3597813
8803276
8419146
6443363
8030976
1773159
9734666
8462945
8387073
9823940
9353804
3444282
3683433
2278433
6079982
1411846
6268126
1858336
5222732
1537108
8511612
6851724
3921641
8080992
4333108
4943942
1455194
1705791
1565010
6088247
9232258
6279635
8537443
8609191
7304360
1913126
7034647
1904196
2262097
4304768
2893814
5905077
2975280
5035501
4893873
4762259
1613239
6617600
7856316
3993887
2469810
1755725
7686844
5687567
2631230
7835466
6805751
7258059
3176115
4914195
4753677
1343115
5837020
6090645
4777699
3170281
3860853
5171948
5734519
5415827
9074691
7656204
2293127
5461290
9376723
6629836
5471193
4329780
7798279
6430994
8231830
3490506
1974277
9441868
6404855
5741354
4223415
4004937
1436494
9309626
7165030
2030158
4021851
7127508
3344380
4384739
1581981
3066375
1277426
1647205
1569259
6765705
7777323
7211534
4526227
1912875
3872290
7864193
2903665
6913476
6277152
4721114
4450150
9531407
4242614
2759605
1350230
4013667
8855215
6463346
4071657
5360304
2434720
4661687
6642110
9108725
1696913
9548983
2585807
1773327
1874873
1644146
7681728
4254531
1469181
8920906
3340475
4112693
3076969
4659772
1895163
6887699
6383564
7571478
9746899
3906042
3143973
1772614
2319490
2327558
8792753
6102458
9234030
6258645
4915309
6201572
3840205
8185651
8966963
2788040
1442842
2201832
3458736
2178298
6894865
2754178
8481721
3510634
6721676
3368343
2555805
9309217
8375571
3361061
5084841
8334672
1398404
4304506
7598315
4553137
8345200
8936782
8803988
1624115
2904749
5545091
9890536
7077967
3324008
6770372
9000950
1571532
2112055
9055847
7095048
7995987
8253411
8658141
9141432
4216606
1633204
6495327
4348408
9811502
7132236
7513934
5140685
9776373
8860200
9658226
7060813
8881881
2537258
4190918
2890782
4374257
7971273
9339281
6781551
2268909
3321143
5624075
3160419
6513995
5934081
2763279
3696929
7650842
5217780
5802328
5950353
3752434
2061997
5162996
8828035
5233614
2912152
2689846
2373555
9459570
7704940
5733700
8815589
5901055
9844746
7977299
8053356
3902662
4376507
8130755
4090850
5138535
9379988
9429330
5045380
2160246
4122468
2228355
7124013
5869745
3038107
1367486
8136558
9506254
9661336
4128705
5461999
2751126
6176088
4788618
2028729
1994543
9294329
7054543
3315743
8999955
9564973
1555819
8353431
5110914
7264629
5566439
2005569
9623599
2842709
9577155
1929794
3179032
7241666
9291850
4570293
4114995
8089695
7720825
3077895
9589188
7297232
3972654
9704330
6693402
3540323
9351719
2710549
7493354
5990716
1824776
7704533
9839959
3762394
6334599
4677295
5763263
2005395
6813925
4716854
4265234
3682802
1982178
1596068
2770383
6211698
4660199
1534689
9368044
9746504
5620280
7462318
9121334
7967341
9412719
8420590
2033152
9950716
5678942
1796196
6753621
4188083
4068887
4655509
5815029
3535890
7491744
5344061
9449087
3894534
5817939
7621437
7135537
4368347
5077866
8267566
1417474
7525785
1452614
9331895
4652801
5962076
5257315
5495431
3695304
3440299
2509334
2639801
7228751
5097095
5163558
3698182
5916524
7998055
5401661
6614222
1698852
6429631
3355149
6401547
2946361
9325931
5726582
2126744
6596936
2436336
7224505
8053698
7463113
8482152
4912111
1389336
2756017
8082733
4530730
5172786
6787069
5172904
2054015
2803533
8734104
5676010
6343799
7047696
6245793
6718317
6064726
8665799
3533235
9239731
9052395
8760810
1892120
8280851
7797683
5791007
5837039
6413252
6499205
7754016
3442183
6392118
2990218
2838485
7585865
1296021
5780225
7757289
7061128
9589872
5912662
8590035
4199292
2583463
7464982
6339871
6366950
3879891
6932903
7301837
3059718
3514678
6773611
8532798
8598088
5211876
3013078
8527126
6014996
3276781
8313883
4153162
4958513
6634430
5277577
8806937
6240706
8050340
4425086
3523896
2967125
6503258
7627449
9161452
8753364
2745899
8630760
7173664
3333962
9454273
9324598
5745324
3448610
7342044
9478488
5778980
4918724
7614871
7307493
7734366
7938835
7022679
1364942
5470172
5792424
4694002
3895504
1958471
3505449
2065231
5825466
3193136
8002264
1186919
6267474
2956524
2531596
8093240
7323705
6134289
8101738
2397203
3219302
3410066
6502383
5880185
2685766
8364933
7833818
6091875
9125884
9333992
6143500
3949963
3547883
8208746
3861741
8638047
8479905
2060479
4881204
8425258
1304079
7474515
2539824
7077632
2758916
8869936
3709795
4855759
8488683
4769715
4252543
1596963
3095699
5969994
2014110
4459111
9225756
5640955
6984850
3703857
1144411
5578099
3278508
8788659
5059141
8190107
1220284
1800597
2497651
6073511
7338649
7572455
7794512
2953415
9118202
3769456
8219107
2702989
1192415
3509749
9590047
8752416
4304443
9635719
6611698
7056193
6566118
6536354
4690775
9953117
6635940
1377564
2219078
2326200
2446532
2258975
8386765
4689765
1987983
9548659
6371638
1292005
7684131
2894055
9344180
2035510
1625643
3637147
8911813
9486262
5487059
5461993
1688877
9943955
8329070
4150396
2997977
7411889
2537255
9454845
4880760
4542256
2561652
6524985
2101909
6586532
3335532
8638124
1635903
2801385
9240265
7428823
9391492
2110318
9548898
2932090
4766949
4072122
9048334
1497865
8867599
2507748
2713246
8835533
5324637
5093842
9241621
3220570
9522941
5954218
4744568
1590326
8632850
7187400
3608784
7634346
9029010
7368035
9641690
9257414
8206512
5342127
4334094
6866233
3181762
8012402
4985847
9843578
8345761
5424818
3436691
7231729
8330733
8692330
4796582
5291557
8164943
3244789
7214334
5748968
6138706
1442787
6734287
5837632
9188924
4628863
7672737
9836136
1617211
3026960
7216498
7651963
2464053
9601646
3521805
2629898
5524753
8155468
4526579
6682793
4169191
5851158
4112400
7901532
2598857
7291954
3879584
5132544
3229704
6740760
8974859
2041403
1671079
7730294
7778650
3775225
9567778
6534925
1342595
3560362
6330385
4792788
3022708
3746569
3522007
4286239
6777745
8429654
5452609
2480206
8240818
2141200
1669646
7088550
8671781
2320930
2263634
5403764
9933212
3900459
5079116
5631570
6510268
3548912
6960346
7300794
7228534
9018171
6014366
2668711
1540917
9387542
6435377
6375480
7945302
3031287
8451902
1834250
8104683
1502834
8036983
9402488
7437330
9992653
1526108
9174226
9701136
9957148
7997218
2453901
9107736
9761745
4366182
4547546
4810143
8401833
7786875
3640824
